name,cik,year,month,day,tag
723371_1995_08_11.txt,723371,1995,8,11,0
352510_1995_09_22.txt,352510,1995,9,22,1
723926_1996_06_04.txt,723926,1996,6,4,2
42872_1996_08_09.txt,42872,1996,8,9,3
893670_1996_07_12.txt,893670,1996,7,12,4
11544_1996_12_13.txt,11544,1996,12,13,5
873364_1996_06_14.txt,873364,1996,6,14,6
770975_1996_10_18.txt,770975,1996,10,18,7
32017_1996_06_20.txt,32017,1996,6,20,8
69598_1996_06_24.txt,69598,1996,6,24,9
943358_1996_11_26.txt,943358,1996,11,26,10
874263_1997_08_06.txt,874263,1997,8,6,11
1000301_1997_05_13.txt,1000301,1997,5,13,12
106640_1997_07_17.txt,106640,1997,7,17,13
922519_1997_07_17.txt,922519,1997,7,17,14
351127_1997_06_19.txt,351127,1997,6,19,15
866273_1997_12_19.txt,866273,1997,12,19,16
43512_1997_05_22.txt,43512,1997,5,22,17
933730_1997_05_23.txt,933730,1997,5,23,18
899689_1997_03_26.txt,899689,1997,3,26,19
894076_1997_10_27.txt,894076,1997,10,27,20
924174_1998_09_02.txt,924174,1998,9,2,21
840458_1998_11_06.txt,840458,1998,11,6,22
948850_1998_03_09.txt,948850,1998,3,9,23
891504_1998_01_12.txt,891504,1998,1,12,24
1024795_1998_12_15.txt,1024795,1998,12,15,25
48948_1998_10_16.txt,48948,1998,10,16,26
912192_1998_08_19.txt,912192,1998,8,19,27
320443_1998_04_22.txt,320443,1998,4,22,28
911167_1998_10_22.txt,911167,1998,10,22,29
1005126_1998_04_22.txt,1005126,1998,4,22,30
100885_1998_01_23.txt,100885,1998,1,23,31
1044847_1998_11_25.txt,1044847,1998,11,25,32
860730_1998_05_28.txt,860730,1998,5,28,33
918578_1998_10_28.txt,918578,1998,10,28,34
922471_1998_01_30.txt,922471,1998,1,30,35
1013749_1999_06_01.txt,1013749,1999,6,1,36
831669_1999_11_04.txt,831669,1999,11,4,37
911576_1999_10_04.txt,911576,1999,10,4,38
1022408_1999_11_04.txt,1022408,1999,11,4,39
30841_1999_11_09.txt,30841,1999,11,9,40
825313_1999_04_09.txt,825313,1999,4,9,41
823556_1999_07_12.txt,823556,1999,7,12,42
1045419_1999_02_12.txt,1045419,1999,2,12,43
1047378_1999_11_12.txt,1047378,1999,11,12,44
275605_1999_04_16.txt,275605,1999,4,16,45
893949_1999_03_16.txt,893949,1999,3,16,46
854852_1999_05_19.txt,854852,1999,5,19,47
726294_1999_03_22.txt,726294,1999,3,22,48
787520_1999_08_30.txt,787520,1999,8,30,49
1043382_2000_02_01.txt,1043382,2000,2,1,50
935322_2000_07_03.txt,935322,2000,7,3,51
1021725_2000_10_03.txt,1021725,2000,10,3,52
875525_2000_10_06.txt,875525,2000,10,6,53
929940_2000_09_06.txt,929940,2000,9,6,54
225263_2000_09_07.txt,225263,2000,9,7,55
935802_2000_07_07.txt,935802,2000,7,7,56
1100408_2000_07_07.txt,1100408,2000,7,7,57
895930_2000_10_11.txt,895930,2000,10,11,58
1070778_2000_07_12.txt,1070778,2000,7,12,59
1096345_2000_04_14.txt,1096345,2000,4,14,60
59255_2000_02_15.txt,59255,2000,2,15,61
879993_2000_06_16.txt,879993,2000,6,16,62
108079_2000_02_17.txt,108079,2000,2,17,63
890640_2000_08_17.txt,890640,2000,8,17,64
1038541_2000_08_18.txt,1038541,2000,8,18,65
1073672_2000_12_19.txt,1073672,2000,12,19,66
714310_2000_09_21.txt,714310,2000,9,21,67
1099219_2000_04_21.txt,1099219,2000,4,21,68
723616_2000_07_24.txt,723616,2000,7,24,69
1053691_2000_03_24.txt,1053691,2000,3,24,70
95052_2000_01_27.txt,95052,2000,1,27,71
1094738_2000_06_28.txt,1094738,2000,6,28,72
832489_2000_08_29.txt,832489,2000,8,29,73
801051_2000_03_30.txt,801051,2000,3,30,74
23259_2001_06_07.txt,23259,2001,6,7,75
95301_2001_05_11.txt,95301,2001,5,11,76
1043774_2001_09_11.txt,1043774,2001,9,11,77
1024725_2001_05_16.txt,1024725,2001,5,16,78
1096555_2001_10_16.txt,1096555,2001,10,16,79
1089567_2001_07_17.txt,1089567,2001,7,17,80
106618_2001_04_18.txt,106618,2001,4,18,81
319256_2001_01_18.txt,319256,2001,1,18,82
25890_2001_11_20.txt,25890,2001,11,20,83
315189_2001_07_20.txt,315189,2001,7,20,84
1006195_2001_07_25.txt,1006195,2001,7,25,85
941775_2001_02_27.txt,941775,2001,2,27,86
1074404_2001_01_30.txt,1074404,2001,1,30,87
769397_2001_08_31.txt,769397,2001,8,31,88
888491_2001_10_31.txt,888491,2001,10,31,89
749647_2002_06_03.txt,749647,2002,6,3,90
907237_2002_06_03.txt,907237,2002,6,3,91
849778_2002_02_05.txt,849778,2002,2,5,92
829676_2002_03_07.txt,829676,2002,3,7,93
1075043_2002_10_10.txt,1075043,2002,10,10,94
1120155_2002_05_14.txt,1120155,2002,5,14,95
1122976_2002_02_14.txt,1122976,2002,2,14,96
23111_2002_07_15.txt,23111,2002,7,15,97
837166_2002_11_15.txt,837166,2002,11,15,98
775473_2002_09_17.txt,775473,2002,9,17,99
809428_2002_04_18.txt,809428,2002,4,18,100
933141_2002_12_18.txt,933141,2002,12,18,101
95029_2002_12_20.txt,95029,2002,12,20,102
315449_2002_05_20.txt,315449,2002,5,20,103
1096385_2002_11_21.txt,1096385,2002,11,21,104
1022225_2002_03_22.txt,1022225,2002,3,22,105
29915_2002_08_26.txt,29915,2002,8,26,106
884731_2002_06_26.txt,884731,2002,6,26,107
54381_2002_03_27.txt,54381,2002,3,27,108
920527_2002_03_27.txt,920527,2002,3,27,109
1040792_2002_05_30.txt,1040792,2002,5,30,110
1038005_2002_10_31.txt,1038005,2002,10,31,111
320333_2003_10_02.txt,320333,2003,10,2,112
225263_2003_02_04.txt,225263,2003,2,4,113
849778_2003_03_05.txt,849778,2003,3,5,114
1014507_2003_06_05.txt,1014507,2003,6,5,115
1116616_2003_05_05.txt,1116616,2003,5,5,116
66570_2003_08_06.txt,66570,2003,8,6,117
1009356_2003_05_06.txt,1009356,2003,5,6,118
102212_2003_10_07.txt,102212,2003,10,7,119
875657_2003_08_07.txt,875657,2003,8,7,120
1096376_2003_05_07.txt,1096376,2003,5,7,121
1115568_2003_10_07.txt,1115568,2003,10,7,122
892025_2003_04_08.txt,892025,2003,4,8,123
801748_2003_04_09.txt,801748,2003,4,9,124
748270_2003_11_10.txt,748270,2003,11,10,125
1005507_2003_09_10.txt,1005507,2003,9,10,126
890926_2003_02_11.txt,890926,2003,2,11,127
927102_2003_08_11.txt,927102,2003,8,11,128
893430_2003_05_12.txt,893430,2003,5,12,129
1135971_2003_01_13.txt,1135971,2003,1,13,130
92195_2003_03_14.txt,92195,2003,3,14,131
881890_2003_10_16.txt,881890,2003,10,16,132
874501_2003_10_17.txt,874501,2003,10,17,133
910322_2003_10_17.txt,910322,2003,10,17,134
1030485_2003_08_18.txt,1030485,2003,8,18,135
40704_2003_03_19.txt,40704,2003,3,19,136
768892_2003_08_19.txt,768892,2003,8,19,137
1043961_2003_11_19.txt,1043961,2003,11,19,138
888693_2003_08_21.txt,888693,2003,8,21,139
934550_2003_10_21.txt,934550,2003,10,21,140
1020828_2003_04_21.txt,1020828,2003,4,21,141
35214_2003_04_22.txt,35214,2003,4,22,142
703604_2003_07_22.txt,703604,2003,7,22,143
923601_2003_05_22.txt,923601,2003,5,22,144
85961_2003_12_23.txt,85961,2003,12,23,145
895812_2003_10_23.txt,895812,2003,10,23,146
1092605_2003_10_23.txt,1092605,2003,10,23,147
1090727_2003_04_24.txt,1090727,2003,4,24,148
921365_2003_03_25.txt,921365,2003,3,25,149
1070778_2003_03_25.txt,1070778,2003,3,25,150
1236964_2003_10_27.txt,1236964,2003,10,27,151
860518_2003_10_28.txt,860518,2003,10,28,152
920148_2003_04_28.txt,920148,2003,4,28,153
1020999_2003_07_29.txt,1020999,2003,7,29,154
1055160_2003_04_29.txt,1055160,2003,4,29,155
1116463_2003_07_29.txt,1116463,2003,7,29,156
1029506_2004_03_01.txt,1029506,2004,3,1,157
1091862_2004_07_01.txt,1091862,2004,7,1,158
3545_2004_02_02.txt,3545,2004,2,2,159
28917_2004_09_02.txt,28917,2004,9,2,160
740670_2004_03_03.txt,740670,2004,3,3,161
731939_2004_08_04.txt,731939,2004,8,4,162
1021561_2004_10_04.txt,1021561,2004,10,4,163
203596_2004_04_05.txt,203596,2004,4,5,164
894315_2004_11_05.txt,894315,2004,11,5,165
1054070_2004_08_05.txt,1054070,2004,8,5,166
814856_2004_04_06.txt,814856,2004,4,6,167
1008654_2004_04_06.txt,1008654,2004,4,6,168
3570_2004_01_07.txt,3570,2004,1,7,169
54381_2004_05_07.txt,54381,2004,5,7,170
764762_2004_05_07.txt,764762,2004,5,7,171
771999_2004_01_07.txt,771999,2004,1,7,172
708717_2004_03_08.txt,708717,2004,3,8,173
2601_2004_02_09.txt,2601,2004,2,9,174
867490_2004_01_09.txt,867490,2004,1,9,175
24545_2004_08_10.txt,24545,2004,8,10,176
845072_2004_02_11.txt,845072,2004,2,11,177
1051771_2004_03_11.txt,1051771,2004,3,11,178
69488_2004_02_12.txt,69488,2004,2,12,179
96943_2004_02_12.txt,96943,2004,2,12,180
98246_2004_11_12.txt,98246,2004,11,12,181
913165_2004_02_13.txt,913165,2004,2,13,182
1262001_2004_08_13.txt,1262001,2004,8,13,183
907072_2004_04_14.txt,907072,2004,4,14,184
849116_2004_04_15.txt,849116,2004,4,15,185
1047884_2004_10_15.txt,1047884,2004,10,15,186
858155_2004_03_16.txt,858155,2004,3,16,187
1140859_2004_07_16.txt,1140859,2004,7,16,188
355431_2004_02_17.txt,355431,2004,2,17,189
1015328_2004_11_17.txt,1015328,2004,11,17,190
1108524_2004_11_17.txt,1108524,2004,11,17,191
277058_2004_06_18.txt,277058,2004,6,18,192
801122_2004_02_18.txt,801122,2004,2,18,193
865415_2004_03_18.txt,865415,2004,3,18,194
874992_2004_05_18.txt,874992,2004,5,18,195
1036968_2004_10_19.txt,1036968,2004,10,19,196
1082368_2004_08_19.txt,1082368,2004,8,19,197
1143799_2004_05_19.txt,1143799,2004,5,19,198
911002_2004_10_20.txt,911002,2004,10,20,199
1022671_2004_05_20.txt,1022671,2004,5,20,200
1094808_2004_09_20.txt,1094808,2004,9,20,201
24545_2004_05_21.txt,24545,2004,5,21,202
873591_2004_04_21.txt,873591,2004,4,21,203
877890_2004_01_21.txt,877890,2004,1,21,204
74303_2004_06_22.txt,74303,2004,6,22,205
95304_2004_01_22.txt,95304,2004,1,22,206
356080_2004_10_22.txt,356080,2004,10,22,207
854398_2004_12_22.txt,854398,2004,12,22,208
95366_2004_08_23.txt,95366,2004,8,23,209
1057706_2004_07_23.txt,1057706,2004,7,23,210
1304562_2004_12_23.txt,1304562,2004,12,23,211
899647_2004_08_24.txt,899647,2004,8,24,212
1086795_2004_05_24.txt,1086795,2004,5,24,213
1136294_2004_11_24.txt,1136294,2004,11,24,214
1141185_2004_03_24.txt,1141185,2004,3,24,215
763744_2004_10_25.txt,763744,2004,10,25,216
885721_2004_02_25.txt,885721,2004,2,25,217
886171_2004_02_25.txt,886171,2004,2,25,218
1264242_2004_08_25.txt,1264242,2004,8,25,219
104207_2004_03_26.txt,104207,2004,3,26,220
106640_2004_02_26.txt,106640,2004,2,26,221
789881_2004_02_27.txt,789881,2004,2,27,222
813762_2004_04_27.txt,813762,2004,4,27,223
895385_2004_04_27.txt,895385,2004,4,27,224
920148_2004_09_27.txt,920148,2004,9,27,225
1020569_2004_05_27.txt,1020569,2004,5,27,226
350194_2004_01_28.txt,350194,2004,1,28,227
350563_2004_04_28.txt,350563,2004,4,28,228
889331_2004_04_28.txt,889331,2004,4,28,229
893162_2004_05_28.txt,893162,2004,5,28,230
1017673_2004_04_28.txt,1017673,2004,4,28,231
1143799_2004_10_28.txt,1143799,2004,10,28,232
1210708_2004_10_28.txt,1210708,2004,10,28,233
351145_2004_07_29.txt,351145,2004,7,29,234
753048_2004_01_29.txt,753048,2004,1,29,235
868671_2004_04_29.txt,868671,2004,4,29,236
919015_2004_07_29.txt,919015,2004,7,29,237
922863_2004_03_29.txt,922863,2004,3,29,238
875159_2004_09_30.txt,875159,2004,9,30,239
1048477_2004_11_30.txt,1048477,2004,11,30,240
1016965_2004_03_31.txt,1016965,2004,3,31,241
1270985_2004_03_31.txt,1270985,2004,3,31,242
12659_2005_08_01.txt,12659,2005,8,1,243
914373_2005_03_01.txt,914373,2005,3,1,244
915471_2005_04_01.txt,915471,2005,4,1,245
62996_2005_08_02.txt,62996,2005,8,2,246
1046183_2005_05_02.txt,1046183,2005,5,2,247
1067419_2005_02_02.txt,1067419,2005,2,2,248
1283140_2005_08_02.txt,1283140,2005,8,2,249
28452_2005_10_03.txt,28452,2005,10,3,250
95052_2005_11_03.txt,95052,2005,11,3,251
729922_2005_11_03.txt,729922,2005,11,3,252
1169055_2005_06_03.txt,1169055,2005,6,3,253
1323715_2005_11_03.txt,1323715,2005,11,3,254
1273813_2005_11_04.txt,1273813,2005,11,4,255
899866_2005_10_05.txt,899866,2005,10,5,256
1267097_2005_05_05.txt,1267097,2005,5,5,257
907254_2005_05_06.txt,907254,2005,5,6,258
798949_2005_10_07.txt,798949,2005,10,7,259
1040416_2005_06_07.txt,1040416,2005,6,7,260
1091284_2005_04_07.txt,1091284,2005,4,7,261
1139650_2005_07_07.txt,1139650,2005,7,7,262
1017137_2005_02_08.txt,1017137,2005,2,8,263
67618_2005_11_09.txt,67618,2005,11,9,264
704415_2005_03_09.txt,704415,2005,3,9,265
32878_2005_11_10.txt,32878,2005,11,10,266
790703_2005_03_10.txt,790703,2005,3,10,267
1100962_2005_02_10.txt,1100962,2005,2,10,268
733269_2005_07_12.txt,733269,2005,7,12,269
754673_2005_04_12.txt,754673,2005,4,12,270
1114241_2005_09_13.txt,1114241,2005,9,13,271
805419_2005_01_14.txt,805419,2005,1,14,272
812076_2005_09_14.txt,812076,2005,9,14,273
924940_2005_09_14.txt,924940,2005,9,14,274
1001907_2005_11_14.txt,1001907,2005,11,14,275
1034669_2005_02_14.txt,1034669,2005,2,14,276
355948_2005_02_15.txt,355948,2005,2,15,277
1045150_2005_09_15.txt,1045150,2005,9,15,278
1067294_2005_08_15.txt,1067294,2005,8,15,279
1142380_2005_03_15.txt,1142380,2005,3,15,280
1283140_2005_06_15.txt,1283140,2005,6,15,281
102037_2005_12_16.txt,102037,2005,12,16,282
847431_2005_03_16.txt,847431,2005,3,16,283
877355_2005_02_16.txt,877355,2005,2,16,284
1029407_2005_11_16.txt,1029407,2005,11,16,285
1123580_2005_12_16.txt,1123580,2005,12,16,286
842635_2005_01_18.txt,842635,2005,1,18,287
882873_2005_08_18.txt,882873,2005,8,18,288
769207_2005_10_19.txt,769207,2005,10,19,289
831327_2005_10_19.txt,831327,2005,10,19,290
886744_2005_07_19.txt,886744,2005,7,19,291
918965_2005_04_19.txt,918965,2005,4,19,292
840007_2005_01_20.txt,840007,2005,1,20,293
1082564_2005_12_20.txt,1082564,2005,12,20,294
917251_2005_01_21.txt,917251,2005,1,21,295
1088653_2005_11_21.txt,1088653,2005,11,21,296
720005_2005_02_22.txt,720005,2005,2,22,297
849116_2005_04_22.txt,849116,2005,4,22,298
1006837_2005_02_22.txt,1006837,2005,2,22,299
1099066_2005_08_22.txt,1099066,2005,8,22,300
1168230_2005_02_22.txt,1168230,2005,2,22,301
1267097_2005_03_22.txt,1267097,2005,3,22,302
923139_2005_12_23.txt,923139,2005,12,23,303
1053361_2005_02_24.txt,1053361,2005,2,24,304
1097081_2005_10_24.txt,1097081,2005,10,24,305
101462_2005_08_25.txt,101462,2005,8,25,306
804154_2005_08_25.txt,804154,2005,8,25,307
723612_2005_01_26.txt,723612,2005,1,26,308
897429_2005_05_26.txt,897429,2005,5,26,309
1037540_2005_10_26.txt,1037540,2005,10,26,310
59255_2005_05_27.txt,59255,2005,5,27,311
789019_2005_10_27.txt,789019,2005,10,27,312
6769_2005_07_28.txt,6769,2005,7,28,313
740260_2005_10_28.txt,740260,2005,10,28,314
790549_2005_01_28.txt,790549,2005,1,28,315
1007228_2005_04_28.txt,1007228,2005,4,28,316
1016281_2005_01_28.txt,1016281,2005,1,28,317
1047170_2005_01_28.txt,1047170,2005,1,28,318
1102266_2005_01_28.txt,1102266,2005,1,28,319
943819_2005_12_29.txt,943819,2005,12,29,320
726854_2005_06_30.txt,726854,2005,6,30,321
820081_2005_09_30.txt,820081,2005,9,30,322
85408_2005_08_31.txt,85408,2005,8,31,323
805419_2005_08_31.txt,805419,2005,8,31,324
915840_2005_10_31.txt,915840,2005,10,31,325
1003961_2005_01_31.txt,1003961,2005,1,31,326
94538_2006_11_01.txt,94538,2006,11,1,327
320186_2006_08_01.txt,320186,2006,8,1,328
944695_2006_05_02.txt,944695,2006,5,2,329
1076394_2006_02_02.txt,1076394,2006,2,2,330
1328910_2006_11_02.txt,1328910,2006,11,2,331
22252_2006_05_03.txt,22252,2006,5,3,332
770403_2006_05_03.txt,770403,2006,5,3,333
925043_2006_08_03.txt,925043,2006,8,3,334
1138812_2006_05_03.txt,1138812,2006,5,3,335
1276721_2006_07_03.txt,1276721,2006,7,3,336
21212_2006_04_04.txt,21212,2006,4,4,337
730255_2006_01_05.txt,730255,2006,1,5,338
821002_2006_06_06.txt,821002,2006,6,6,339
832767_2006_11_06.txt,832767,2006,11,6,340
1051009_2006_07_06.txt,1051009,2006,7,6,341
37785_2006_02_07.txt,37785,2006,2,7,342
725058_2006_08_07.txt,725058,2006,8,7,343
829608_2006_12_07.txt,829608,2006,12,7,344
1125532_2006_08_07.txt,1125532,2006,8,7,345
99047_2006_09_08.txt,99047,2006,9,8,346
746782_2006_08_08.txt,746782,2006,8,8,347
1013871_2006_02_08.txt,1013871,2006,2,8,348
1096325_2006_02_08.txt,1096325,2006,2,8,349
1261482_2006_11_08.txt,1261482,2006,11,8,350
1316898_2006_11_08.txt,1316898,2006,11,8,351
828747_2006_08_09.txt,828747,2006,8,9,352
934648_2006_08_09.txt,934648,2006,8,9,353
1138400_2006_08_09.txt,1138400,2006,8,9,354
1140415_2006_05_09.txt,1140415,2006,5,9,355
1182129_2006_05_09.txt,1182129,2006,5,9,356
1183941_2006_02_09.txt,1183941,2006,2,9,357
1298978_2006_05_09.txt,1298978,2006,5,9,358
1304901_2006_11_09.txt,1304901,2006,11,9,359
701288_2006_08_10.txt,701288,2006,8,10,360
854860_2006_08_10.txt,854860,2006,8,10,361
1094831_2006_05_10.txt,1094831,2006,5,10,362
1084544_2006_04_11.txt,1084544,2006,4,11,363
1302028_2006_10_11.txt,1302028,2006,10,11,364
743316_2006_11_13.txt,743316,2006,11,13,365
799292_2006_11_13.txt,799292,2006,11,13,366
912365_2006_09_13.txt,912365,2006,9,13,367
1357335_2006_12_13.txt,1357335,2006,12,13,368
781891_2006_06_14.txt,781891,2006,6,14,369
1039726_2006_11_14.txt,1039726,2006,11,14,370
1127393_2006_12_14.txt,1127393,2006,12,14,371
1136294_2006_03_14.txt,1136294,2006,3,14,372
842635_2006_12_15.txt,842635,2006,12,15,373
1261734_2006_12_15.txt,1261734,2006,12,15,374
69680_2006_03_16.txt,69680,2006,3,16,375
718413_2006_03_16.txt,718413,2006,3,16,376
1303565_2006_11_17.txt,1303565,2006,11,17,377
1100885_2006_07_18.txt,1100885,2006,7,18,378
1172358_2006_01_18.txt,1172358,2006,1,18,379
1267097_2006_01_18.txt,1267097,2006,1,18,380
922204_2006_09_19.txt,922204,2006,9,19,381
1060021_2006_01_19.txt,1060021,2006,1,19,382
1206264_2006_10_19.txt,1206264,2006,10,19,383
1309710_2006_12_19.txt,1309710,2006,12,19,384
48898_2006_04_20.txt,48898,2006,4,20,385
91576_2006_01_20.txt,91576,2006,1,20,386
1096050_2006_06_20.txt,1096050,2006,6,20,387
1282977_2006_04_21.txt,1282977,2006,4,21,388
1057222_2006_05_23.txt,1057222,2006,5,23,389
1365135_2006_10_23.txt,1365135,2006,10,23,390
99047_2006_10_24.txt,99047,2006,10,24,391
911160_2006_01_24.txt,911160,2006,1,24,392
1042821_2006_10_24.txt,1042821,2006,10,24,393
746782_2006_05_25.txt,746782,2006,5,25,394
774569_2006_08_25.txt,774569,2006,8,25,395
866829_2006_01_25.txt,866829,2006,1,25,396
842635_2006_01_26.txt,842635,2006,1,26,397
1000697_2006_04_26.txt,1000697,2006,4,26,398
1090727_2006_07_26.txt,1090727,2006,7,26,399
1130626_2006_01_26.txt,1130626,2006,1,26,400
2135_2006_11_27.txt,2135,2006,11,27,401
740260_2006_10_27.txt,740260,2006,10,27,402
878522_2006_03_27.txt,878522,2006,3,27,403
945983_2006_10_27.txt,945983,2006,10,27,404
1075348_2006_01_27.txt,1075348,2006,1,27,405
1099219_2006_04_27.txt,1099219,2006,4,27,406
1331301_2006_09_27.txt,1331301,2006,9,27,407
1337068_2006_07_27.txt,1337068,2006,7,27,408
764811_2006_04_28.txt,764811,2006,4,28,409
1053507_2006_07_28.txt,1053507,2006,7,28,410
1318545_2006_04_28.txt,1318545,2006,4,28,411
1012887_2006_03_29.txt,1012887,2006,3,29,412
1319161_2006_12_29.txt,1319161,2006,12,29,413
882104_2006_08_30.txt,882104,2006,8,30,414
1316625_2006_08_30.txt,1316625,2006,8,30,415
708717_2006_10_31.txt,708717,2006,10,31,416
77281_2007_05_01.txt,77281,2007,5,1,417
1001916_2007_11_01.txt,1001916,2007,11,1,418
1023024_2007_05_01.txt,1023024,2007,5,1,419
1089907_2007_03_01.txt,1089907,2007,3,1,420
875045_2007_05_02.txt,875045,2007,5,2,421
880643_2007_02_02.txt,880643,2007,2,2,422
904080_2007_07_02.txt,904080,2007,7,2,423
1378140_2007_10_02.txt,1378140,2007,10,2,424
1321544_2007_07_03.txt,1321544,2007,7,3,425
895095_2007_05_04.txt,895095,2007,5,4,426
1317019_2007_05_04.txt,1317019,2007,5,4,427
902622_2007_09_05.txt,902622,2007,9,5,428
82788_2007_02_06.txt,82788,2007,2,6,429
1095291_2007_11_06.txt,1095291,2007,11,6,430
1306830_2007_02_06.txt,1306830,2007,2,6,431
47518_2007_02_07.txt,47518,2007,2,7,432
913756_2007_05_07.txt,913756,2007,5,7,433
1016178_2007_02_07.txt,1016178,2007,2,7,434
1111721_2007_05_07.txt,1111721,2007,5,7,435
764811_2007_06_08.txt,764811,2007,6,8,436
1030339_2007_08_08.txt,1030339,2007,8,8,437
1098301_2007_03_08.txt,1098301,2007,3,8,438
351346_2007_07_09.txt,351346,2007,7,9,439
921506_2007_08_09.txt,921506,2007,8,9,440
878088_2007_09_10.txt,878088,2007,9,10,441
1135152_2007_05_10.txt,1135152,2007,5,10,442
1260221_2007_01_10.txt,1260221,2007,1,10,443
102037_2007_12_11.txt,102037,2007,12,11,444
874214_2007_10_11.txt,874214,2007,10,11,445
1078271_2007_01_11.txt,1078271,2007,1,11,446
891106_2007_02_13.txt,891106,2007,2,13,447
909832_2007_12_13.txt,909832,2007,12,13,448
944136_2007_07_13.txt,944136,2007,7,13,449
1078207_2007_04_13.txt,1078207,2007,4,13,450
1138400_2007_11_13.txt,1138400,2007,11,13,451
1287032_2007_11_13.txt,1287032,2007,11,13,452
849433_2007_11_14.txt,849433,2007,11,14,453
883587_2007_05_14.txt,883587,2007,5,14,454
906337_2007_02_14.txt,906337,2007,2,14,455
1069489_2007_06_14.txt,1069489,2007,6,14,456
1263766_2007_08_14.txt,1263766,2007,8,14,457
1002517_2007_11_15.txt,1002517,2007,11,15,458
1092367_2007_03_15.txt,1092367,2007,3,15,459
921365_2007_01_16.txt,921365,2007,1,16,460
1018522_2007_05_16.txt,1018522,2007,5,16,461
1171486_2007_01_16.txt,1171486,2007,1,16,462
715073_2007_04_17.txt,715073,2007,4,17,463
1029630_2007_10_17.txt,1029630,2007,10,17,464
1378950_2007_10_17.txt,1378950,2007,10,17,465
64782_2007_04_18.txt,64782,2007,4,18,466
40704_2007_12_19.txt,40704,2007,12,19,467
66025_2007_07_19.txt,66025,2007,7,19,468
776867_2007_03_19.txt,776867,2007,3,19,469
811808_2007_10_19.txt,811808,2007,10,19,470
840264_2007_07_19.txt,840264,2007,7,19,471
872248_2007_09_19.txt,872248,2007,9,19,472
1090061_2007_06_19.txt,1090061,2007,6,19,473
1134538_2007_12_19.txt,1134538,2007,12,19,474
23217_2007_12_20.txt,23217,2007,12,20,475
95047_2007_07_20.txt,95047,2007,7,20,476
1005757_2007_11_20.txt,1005757,2007,11,20,477
886239_2007_05_21.txt,886239,2007,5,21,478
1137778_2007_08_21.txt,1137778,2007,8,21,479
1203866_2007_02_21.txt,1203866,2007,2,21,480
29669_2007_05_22.txt,29669,2007,5,22,481
1051379_2007_01_22.txt,1051379,2007,1,22,482
354655_2007_01_23.txt,354655,2007,1,23,483
717538_2007_07_23.txt,717538,2007,7,23,484
915913_2007_04_23.txt,915913,2007,4,23,485
927066_2007_03_23.txt,927066,2007,3,23,486
944522_2007_05_23.txt,944522,2007,5,23,487
19161_2007_08_24.txt,19161,2007,8,24,488
350698_2007_10_24.txt,350698,2007,10,24,489
354655_2007_10_24.txt,354655,2007,10,24,490
1298195_2007_07_24.txt,1298195,2007,7,24,491
888165_2007_09_25.txt,888165,2007,9,25,492
1021009_2007_04_25.txt,1021009,2007,4,25,493
28452_2007_01_26.txt,28452,2007,1,26,494
883981_2007_02_26.txt,883981,2007,2,26,495
65873_2007_04_27.txt,65873,2007,4,27,496
749935_2007_08_27.txt,749935,2007,8,27,497
1138400_2007_03_28.txt,1138400,2007,3,28,498
1018005_2007_08_29.txt,1018005,2007,8,29,499
1115836_2007_05_29.txt,1115836,2007,5,29,500
352915_2007_10_30.txt,352915,2007,10,30,501
732712_2007_04_30.txt,732712,2007,4,30,502
935724_2007_04_30.txt,935724,2007,4,30,503
1015328_2007_07_30.txt,1015328,2007,7,30,504
1046212_2007_01_30.txt,1046212,2007,1,30,505
1164727_2007_11_30.txt,1164727,2007,11,30,506
1169561_2007_10_30.txt,1169561,2007,10,30,507
1355855_2007_04_30.txt,1355855,2007,4,30,508
753568_2007_10_31.txt,753568,2007,10,31,509
1097313_2007_10_31.txt,1097313,2007,10,31,510
1137390_2007_05_31.txt,1137390,2007,5,31,511
1295557_2007_10_31.txt,1295557,2007,10,31,512
1373835_2007_01_31.txt,1373835,2007,1,31,513
40730_2008_10_01.txt,40730,2008,10,1,514
14177_2008_06_02.txt,14177,2008,6,2,515
45919_2008_01_02.txt,45919,2008,1,2,516
722256_2008_07_02.txt,722256,2008,7,2,517
776901_2008_09_02.txt,776901,2008,9,2,518
888491_2008_05_02.txt,888491,2008,5,2,519
1143155_2008_06_02.txt,1143155,2008,6,2,520
93451_2008_11_03.txt,93451,2008,11,3,521
704532_2008_04_03.txt,704532,2008,4,3,522
1029744_2008_12_03.txt,1029744,2008,12,3,523
911160_2008_12_04.txt,911160,2008,12,4,524
933974_2008_04_04.txt,933974,2008,4,4,525
949156_2008_02_04.txt,949156,2008,2,4,526
1029506_2008_08_04.txt,1029506,2008,8,4,527
1308161_2008_02_04.txt,1308161,2008,2,4,528
1082506_2008_08_05.txt,1082506,2008,8,5,529
789570_2008_10_06.txt,789570,2008,10,6,530
798354_2008_02_06.txt,798354,2008,2,6,531
874214_2008_03_06.txt,874214,2008,3,6,532
929994_2008_05_06.txt,929994,2008,5,6,533
1060801_2008_03_06.txt,1060801,2008,3,6,534
1135906_2008_08_06.txt,1135906,2008,8,6,535
1278021_2008_02_06.txt,1278021,2008,2,6,536
1314475_2008_11_06.txt,1314475,2008,11,6,537
350692_2008_02_07.txt,350692,2008,2,7,538
752642_2008_11_07.txt,752642,2008,11,7,539
880643_2008_08_07.txt,880643,2008,8,7,540
921506_2008_11_07.txt,921506,2008,11,7,541
1398664_2008_05_07.txt,1398664,2008,5,7,542
1022321_2008_08_08.txt,1022321,2008,8,8,543
1022705_2008_08_08.txt,1022705,2008,8,8,544
1322505_2008_09_08.txt,1322505,2008,9,8,545
1328650_2008_11_10.txt,1328650,2008,11,10,546
60086_2008_02_11.txt,60086,2008,2,11,547
739608_2008_07_11.txt,739608,2008,7,11,548
1122304_2008_03_11.txt,1122304,2008,3,11,549
830736_2008_11_12.txt,830736,2008,11,12,550
1013272_2008_12_12.txt,1013272,2008,12,12,551
1049210_2008_05_12.txt,1049210,2008,5,12,552
1059324_2008_05_12.txt,1059324,2008,5,12,553
1173738_2008_11_12.txt,1173738,2008,11,12,554
1338248_2008_02_12.txt,1338248,2008,2,12,555
818033_2008_03_13.txt,818033,2008,3,13,556
911631_2008_05_13.txt,911631,2008,5,13,557
1056358_2008_06_13.txt,1056358,2008,6,13,558
33185_2008_01_14.txt,33185,2008,1,14,559
851968_2008_02_14.txt,851968,2008,2,14,560
1403570_2008_10_14.txt,1403570,2008,10,14,561
101462_2008_04_15.txt,101462,2008,4,15,562
911002_2008_01_15.txt,911002,2008,1,15,563
1071739_2008_10_15.txt,1071739,2008,10,15,564
1156871_2008_05_15.txt,1156871,2008,5,15,565
880431_2008_06_16.txt,880431,2008,6,16,566
1232524_2008_12_16.txt,1232524,2008,12,16,567
1099290_2008_11_17.txt,1099290,2008,11,17,568
902281_2008_09_18.txt,902281,2008,9,18,569
908254_2008_01_18.txt,908254,2008,1,18,570
1069469_2008_01_18.txt,1069469,2008,1,18,571
1325118_2008_06_18.txt,1325118,2008,6,18,572
5981_2008_05_19.txt,5981,2008,5,19,573
740971_2008_02_19.txt,740971,2008,2,19,574
1316631_2008_02_19.txt,1316631,2008,2,19,575
916540_2008_05_20.txt,916540,2008,5,20,576
1310094_2008_06_20.txt,1310094,2008,6,20,577
1368007_2008_05_20.txt,1368007,2008,5,20,578
1085280_2008_04_21.txt,1085280,2008,4,21,579
1272830_2008_03_21.txt,1272830,2008,3,21,580
721083_2008_04_22.txt,721083,2008,4,22,581
820318_2008_04_22.txt,820318,2008,4,22,582
928911_2008_07_22.txt,928911,2008,7,22,583
14272_2008_01_23.txt,14272,2008,1,23,584
33213_2008_10_23.txt,33213,2008,10,23,585
65201_2008_01_23.txt,65201,2008,1,23,586
84839_2008_01_23.txt,84839,2008,1,23,587
202890_2008_05_23.txt,202890,2008,5,23,588
1022705_2008_01_23.txt,1022705,2008,1,23,589
1097264_2008_04_23.txt,1097264,2008,4,23,590
1219210_2008_07_23.txt,1219210,2008,7,23,591
706698_2008_07_24.txt,706698,2008,7,24,592
894556_2008_09_24.txt,894556,2008,9,24,593
1344413_2008_07_24.txt,1344413,2008,7,24,594
1368256_2008_11_24.txt,1368256,2008,11,24,595
1375063_2008_06_24.txt,1375063,2008,6,24,596
1309710_2008_09_25.txt,1309710,2008,9,25,597
1313918_2008_04_25.txt,1313918,2008,4,25,598
13239_2008_10_27.txt,13239,2008,10,27,599
1301106_2008_02_27.txt,1301106,2008,2,27,600
1104042_2008_04_28.txt,1104042,2008,4,28,601
1267238_2008_01_28.txt,1267238,2008,1,28,602
1342854_2008_03_28.txt,1342854,2008,3,28,603
350563_2008_04_29.txt,350563,2008,4,29,604
1097264_2008_01_29.txt,1097264,2008,1,29,605
1120427_2008_01_29.txt,1120427,2008,1,29,606
704384_2008_01_30.txt,704384,2008,1,30,607
815065_2008_07_30.txt,815065,2008,7,30,608
1055160_2008_07_30.txt,1055160,2008,7,30,609
1264707_2008_04_30.txt,1264707,2008,4,30,610
1339553_2008_07_30.txt,1339553,2008,7,30,611
1402857_2008_01_30.txt,1402857,2008,1,30,612
880643_2008_03_31.txt,880643,2008,3,31,613
1298716_2008_10_31.txt,1298716,2008,10,31,614
1365135_2008_01_31.txt,1365135,2008,1,31,615
1264707_2009_11_02.txt,1264707,2009,11,2,616
909954_2009_08_03.txt,909954,2009,8,3,617
1035884_2009_06_03.txt,1035884,2009,6,3,618
1104017_2009_06_03.txt,1104017,2009,6,3,619
1175483_2009_02_03.txt,1175483,2009,2,3,620
1321730_2009_12_03.txt,1321730,2009,12,3,621
1382905_2009_08_03.txt,1382905,2009,8,3,622
1410172_2009_11_03.txt,1410172,2009,11,3,623
21510_2009_02_04.txt,21510,2009,2,4,624
310158_2009_11_04.txt,310158,2009,11,4,625
319643_2009_06_05.txt,319643,2009,6,5,626
825692_2009_05_05.txt,825692,2009,5,5,627
1006892_2009_11_05.txt,1006892,2009,11,5,628
1298978_2009_08_05.txt,1298978,2009,8,5,629
913756_2009_08_06.txt,913756,2009,8,6,630
948846_2009_10_06.txt,948846,2009,10,6,631
1141719_2009_04_06.txt,1141719,2009,4,6,632
821995_2009_01_08.txt,821995,2009,1,8,633
109380_2009_02_09.txt,109380,2009,2,9,634
945394_2009_11_09.txt,945394,2009,11,9,635
1003124_2009_02_09.txt,1003124,2009,2,9,636
1344980_2009_09_09.txt,1344980,2009,9,9,637
54381_2009_06_10.txt,54381,2009,6,10,638
907649_2009_11_10.txt,907649,2009,11,10,639
914138_2009_08_10.txt,914138,2009,8,10,640
1004702_2009_11_10.txt,1004702,2009,11,10,641
1074433_2009_02_10.txt,1074433,2009,2,10,642
906192_2009_08_12.txt,906192,2009,8,12,643
861955_2009_11_13.txt,861955,2009,11,13,644
916457_2009_10_13.txt,916457,2009,10,13,645
1142417_2009_08_13.txt,1142417,2009,8,13,646
932372_2009_05_15.txt,932372,2009,5,15,647
1368900_2009_01_15.txt,1368900,2009,1,15,648
1109879_2009_11_16.txt,1109879,2009,11,16,649
1266700_2009_04_16.txt,1266700,2009,4,16,650
1333763_2009_12_16.txt,1333763,2009,12,16,651
79282_2009_02_17.txt,79282,2009,2,17,652
749290_2009_02_17.txt,749290,2009,2,17,653
1098482_2009_12_17.txt,1098482,2009,12,17,654
65770_2009_11_19.txt,65770,2009,11,19,655
1405419_2009_08_19.txt,1405419,2009,8,19,656
716646_2009_04_20.txt,716646,2009,4,20,657
714712_2009_04_21.txt,714712,2009,4,21,658
1069878_2009_08_21.txt,1069878,2009,8,21,659
1079577_2009_07_21.txt,1079577,2009,7,21,660
1094816_2009_04_21.txt,1094816,2009,4,21,661
1302502_2009_01_21.txt,1302502,2009,1,21,662
1345968_2009_06_22.txt,1345968,2009,6,22,663
1371011_2009_10_22.txt,1371011,2009,10,22,664
890319_2009_07_23.txt,890319,2009,7,23,665
1070412_2009_04_23.txt,1070412,2009,4,23,666
1071992_2009_10_23.txt,1071992,2009,10,23,667
907649_2009_02_25.txt,907649,2009,2,25,668
1078271_2009_10_26.txt,1078271,2009,10,26,669
1120427_2009_10_26.txt,1120427,2009,10,26,670
702325_2009_01_28.txt,702325,2009,1,28,671
931948_2009_01_28.txt,931948,2009,1,28,672
1035884_2009_09_28.txt,1035884,2009,9,28,673
81362_2009_07_29.txt,81362,2009,7,29,674
356309_2009_07_29.txt,356309,2009,7,29,675
939767_2009_07_30.txt,939767,2009,7,30,676
1168220_2009_06_30.txt,1168220,2009,6,30,677
1028985_2010_03_01.txt,1028985,2010,3,1,678
1069157_2010_02_01.txt,1069157,2010,2,1,679
20212_2010_06_02.txt,20212,2010,6,2,680
1416712_2010_09_02.txt,1416712,2010,9,2,681
1058444_2010_05_03.txt,1058444,2010,5,3,682
1076481_2010_12_03.txt,1076481,2010,12,3,683
915862_2010_05_04.txt,915862,2010,5,4,684
1088787_2010_01_04.txt,1088787,2010,1,4,685
1389797_2010_02_05.txt,1389797,2010,2,5,686
893739_2010_08_06.txt,893739,2010,8,6,687
1107216_2010_05_06.txt,1107216,2010,5,6,688
1269871_2010_05_06.txt,1269871,2010,5,6,689
1292518_2010_04_06.txt,1292518,2010,4,6,690
1406666_2010_05_06.txt,1406666,2010,5,6,691
47035_2010_07_07.txt,47035,2010,7,7,692
1123360_2010_01_07.txt,1123360,2010,1,7,693
808450_2010_09_08.txt,808450,2010,9,8,694
1017303_2010_11_08.txt,1017303,2010,11,8,695
1159019_2010_03_08.txt,1159019,2010,3,8,696
1361394_2010_11_08.txt,1361394,2010,11,8,697
1417664_2010_01_08.txt,1417664,2010,1,8,698
20520_2010_02_09.txt,20520,2010,2,9,699
57055_2010_06_09.txt,57055,2010,6,9,700
1118037_2010_11_09.txt,1118037,2010,11,9,701
350199_2010_11_10.txt,350199,2010,11,10,702
1014473_2010_12_10.txt,1014473,2010,12,10,703
1286131_2010_05_10.txt,1286131,2010,5,10,704
1030484_2010_02_11.txt,1030484,2010,2,11,705
882829_2010_11_12.txt,882829,2010,11,12,706
1029506_2010_04_12.txt,1029506,2010,4,12,707
1178711_2010_05_12.txt,1178711,2010,5,12,708
1430872_2010_02_12.txt,1430872,2010,2,12,709
3982_2010_08_13.txt,3982,2010,8,13,710
1017673_2010_10_13.txt,1017673,2010,10,13,711
1334303_2010_05_13.txt,1334303,2010,5,13,712
884940_2010_05_14.txt,884940,2010,5,14,713
1141103_2010_06_14.txt,1141103,2010,6,14,714
58592_2010_03_16.txt,58592,2010,3,16,715
62234_2010_12_16.txt,62234,2010,12,16,716
856751_2010_02_16.txt,856751,2010,2,16,717
1061322_2010_02_16.txt,1061322,2010,2,16,718
1089063_2010_09_16.txt,1089063,2010,9,16,719
1174872_2010_12_16.txt,1174872,2010,12,16,720
1449732_2010_03_16.txt,1449732,2010,3,16,721
97216_2010_02_17.txt,97216,2010,2,17,722
1419521_2010_02_17.txt,1419521,2010,2,17,723
1335002_2010_01_19.txt,1335002,2010,1,19,724
1096481_2010_05_20.txt,1096481,2010,5,20,725
1124804_2010_07_20.txt,1124804,2010,7,20,726
887596_2010_10_21.txt,887596,2010,10,21,727
915913_2010_10_21.txt,915913,2010,10,21,728
922863_2010_12_21.txt,922863,2010,12,21,729
350698_2010_04_22.txt,350698,2010,4,22,730
1044435_2010_04_23.txt,1044435,2010,4,23,731
1116694_2010_07_23.txt,1116694,2010,7,23,732
882291_2010_03_24.txt,882291,2010,3,24,733
86144_2010_02_25.txt,86144,2010,2,25,734
1381105_2010_04_26.txt,1381105,2010,4,26,735
909992_2010_05_27.txt,909992,2010,5,27,736
1089063_2010_01_27.txt,1089063,2010,1,27,737
101594_2010_04_28.txt,101594,2010,4,28,738
732717_2010_01_28.txt,732717,2010,1,28,739
1390134_2010_01_28.txt,1390134,2010,1,28,740
902622_2010_07_30.txt,902622,2010,7,30,741
1110783_2010_06_30.txt,1110783,2010,6,30,742
883241_2011_12_01.txt,883241,2011,12,1,743
1031233_2011_08_01.txt,1031233,2011,8,1,744
1402057_2011_07_01.txt,1402057,2011,7,1,745
91576_2011_08_02.txt,91576,2011,8,2,746
1029831_2011_12_02.txt,1029831,2011,12,2,747
882289_2011_02_03.txt,882289,2011,2,3,748
1055160_2011_05_03.txt,1055160,2011,5,3,749
1095981_2011_05_03.txt,1095981,2011,5,3,750
1214816_2011_08_03.txt,1214816,2011,8,3,751
99359_2011_08_04.txt,99359,2011,8,4,752
77159_2011_05_05.txt,77159,2011,5,5,753
1128725_2011_07_06.txt,1128725,2011,7,6,754
923603_2011_03_07.txt,923603,2011,3,7,755
1364742_2011_04_07.txt,1364742,2011,4,7,756
101594_2011_02_08.txt,101594,2011,2,8,757
718130_2011_02_09.txt,718130,2011,2,9,758
1094084_2011_03_09.txt,1094084,2011,3,9,759
753568_2011_11_10.txt,753568,2011,11,10,760
907649_2011_08_10.txt,907649,2011,8,10,761
920148_2011_08_10.txt,920148,2011,8,10,762
1383960_2011_03_10.txt,1383960,2011,3,10,763
1389415_2011_03_10.txt,1389415,2011,3,10,764
73088_2011_02_11.txt,73088,2011,2,11,765
4281_2011_04_12.txt,4281,2011,4,12,766
1018963_2011_12_12.txt,1018963,2011,12,12,767
1488917_2011_09_12.txt,1488917,2011,9,12,768
277948_2011_07_13.txt,277948,2011,7,13,769
1442505_2011_12_13.txt,1442505,2011,12,13,770
849636_2011_11_14.txt,849636,2011,11,14,771
1000229_2011_01_14.txt,1000229,2011,1,14,772
1107694_2011_11_14.txt,1107694,2011,11,14,773
1430872_2011_01_14.txt,1430872,2011,1,14,774
16104_2011_08_16.txt,16104,2011,8,16,775
87802_2011_05_17.txt,87802,2011,5,17,776
1084752_2011_03_17.txt,1084752,2011,3,17,777
813298_2011_08_18.txt,813298,2011,8,18,778
1096481_2011_02_18.txt,1096481,2011,2,18,779
1520048_2011_11_18.txt,1520048,2011,11,18,780
1029142_2011_12_20.txt,1029142,2011,12,20,781
1324189_2011_05_20.txt,1324189,2011,5,20,782
39368_2011_09_22.txt,39368,2011,9,22,783
57055_2011_02_22.txt,57055,2011,2,22,784
730255_2011_12_22.txt,730255,2011,12,22,785
1085280_2011_09_22.txt,1085280,2011,9,22,786
1092914_2011_02_22.txt,1092914,2011,2,22,787
1428469_2011_03_23.txt,1428469,2011,3,23,788
62709_2011_03_24.txt,62709,2011,3,24,789
1342643_2011_08_24.txt,1342643,2011,8,24,790
862692_2011_05_25.txt,862692,2011,5,25,791
885721_2011_10_25.txt,885721,2011,10,25,792
891293_2011_10_25.txt,891293,2011,10,25,793
1037016_2011_03_25.txt,1037016,2011,3,25,794
277948_2011_09_26.txt,277948,2011,9,26,795
799233_2011_10_26.txt,799233,2011,10,26,796
1135152_2011_10_26.txt,1135152,2011,10,26,797
1278027_2011_04_26.txt,1278027,2011,4,26,798
1302707_2011_09_26.txt,1302707,2011,9,26,799
66570_2011_10_27.txt,66570,2011,10,27,800
1081078_2011_01_27.txt,1081078,2011,1,27,801
1092839_2011_12_27.txt,1092839,2011,12,27,802
1357459_2011_12_27.txt,1357459,2011,12,27,803
51434_2011_04_28.txt,51434,2011,4,28,804
743367_2011_04_28.txt,743367,2011,4,28,805
1036044_2011_12_28.txt,1036044,2011,12,28,806
1054508_2011_04_29.txt,1054508,2011,4,29,807
1100270_2011_11_30.txt,1100270,2011,11,30,808
9892_2011_01_31.txt,9892,2011,1,31,809
18498_2011_08_31.txt,18498,2011,8,31,810
891293_2011_03_31.txt,891293,2011,3,31,811
1101396_2011_08_31.txt,1101396,2011,8,31,812
805326_2012_03_01.txt,805326,2012,3,1,813
1011174_2012_08_01.txt,1011174,2012,8,1,814
1058090_2012_02_01.txt,1058090,2012,2,1,815
1459241_2012_02_01.txt,1459241,2012,2,1,816
742126_2012_02_02.txt,742126,2012,2,2,817
794367_2012_08_02.txt,794367,2012,8,2,818
827052_2012_05_02.txt,827052,2012,5,2,819
885590_2012_11_02.txt,885590,2012,11,2,820
927628_2012_02_02.txt,927628,2012,2,2,821
1028918_2012_07_02.txt,1028918,2012,7,2,822
1046188_2012_07_02.txt,1046188,2012,7,2,823
1057352_2012_05_02.txt,1057352,2012,5,2,824
1280784_2012_08_02.txt,1280784,2012,8,2,825
1362988_2012_08_02.txt,1362988,2012,8,2,826
1505497_2012_02_02.txt,1505497,2012,2,2,827
1083643_2012_05_03.txt,1083643,2012,5,3,828
61398_2012_09_04.txt,61398,2012,9,4,829
1390478_2012_12_04.txt,1390478,2012,12,4,830
1045450_2012_10_05.txt,1045450,2012,10,5,831
863157_2012_01_06.txt,863157,2012,1,6,832
1092289_2012_02_06.txt,1092289,2012,2,6,833
1169770_2012_08_06.txt,1169770,2012,8,6,834
1467076_2012_11_06.txt,1467076,2012,11,6,835
920321_2012_11_07.txt,920321,2012,11,7,836
1082754_2012_02_07.txt,1082754,2012,2,7,837
1180145_2012_02_07.txt,1180145,2012,2,7,838
1334814_2012_08_07.txt,1334814,2012,8,7,839
1411861_2012_11_07.txt,1411861,2012,11,7,840
319201_2012_11_08.txt,319201,2012,11,8,841
1108205_2012_02_08.txt,1108205,2012,2,8,842
1333513_2012_11_08.txt,1333513,2012,11,8,843
880807_2012_02_09.txt,880807,2012,2,9,844
908311_2012_11_09.txt,908311,2012,11,9,845
949158_2012_11_09.txt,949158,2012,11,9,846
1501729_2012_08_09.txt,1501729,2012,8,9,847
1126234_2012_05_10.txt,1126234,2012,5,10,848
1219210_2012_06_11.txt,1219210,2012,6,11,849
1341318_2012_01_11.txt,1341318,2012,1,11,850
1397183_2012_01_11.txt,1397183,2012,1,11,851
1456016_2012_01_11.txt,1456016,2012,1,11,852
767884_2012_04_12.txt,767884,2012,4,12,853
1069202_2012_12_12.txt,1069202,2012,12,12,854
1098482_2012_10_12.txt,1098482,2012,10,12,855
1368148_2012_08_13.txt,1368148,2012,8,13,856
1513965_2012_08_13.txt,1513965,2012,8,13,857
870826_2012_11_14.txt,870826,2012,11,14,858
1165639_2012_11_14.txt,1165639,2012,11,14,859
1031233_2012_02_15.txt,1031233,2012,2,15,860
65172_2012_04_16.txt,65172,2012,4,16,861
1007019_2012_02_16.txt,1007019,2012,2,16,862
1104485_2012_04_16.txt,1104485,2012,4,16,863
36104_2012_10_17.txt,36104,2012,10,17,864
1274644_2012_12_17.txt,1274644,2012,12,17,865
1421461_2012_01_17.txt,1421461,2012,1,17,866
720672_2012_12_18.txt,720672,2012,12,18,867
1412067_2012_12_19.txt,1412067,2012,12,19,868
1413329_2012_07_19.txt,1413329,2012,7,19,869
1465740_2012_12_19.txt,1465740,2012,12,19,870
842633_2012_12_20.txt,842633,2012,12,20,871
1283709_2012_09_21.txt,1283709,2012,9,21,872
1476204_2012_06_21.txt,1476204,2012,6,21,873
64670_2012_05_22.txt,64670,2012,5,22,874
18498_2012_05_23.txt,18498,2012,5,23,875
799233_2012_01_23.txt,799233,2012,1,23,876
1022469_2012_04_23.txt,1022469,2012,4,23,877
1043604_2012_10_23.txt,1043604,2012,10,23,878
1383414_2012_01_23.txt,1383414,2012,1,23,879
1015739_2012_08_24.txt,1015739,2012,8,24,880
1043277_2012_07_24.txt,1043277,2012,7,24,881
1371217_2012_04_24.txt,1371217,2012,4,24,882
1423221_2012_02_24.txt,1423221,2012,2,24,883
36029_2012_04_25.txt,36029,2012,4,25,884
794323_2012_07_25.txt,794323,2012,7,25,885
1031203_2012_04_26.txt,1031203,2012,4,26,886
42888_2012_03_27.txt,42888,2012,3,27,887
1022321_2012_01_27.txt,1022321,2012,1,27,888
1022705_2012_02_27.txt,1022705,2012,2,27,889
1452217_2012_08_27.txt,1452217,2012,8,27,890
1000209_2012_06_28.txt,1000209,2012,6,28,891
1331875_2012_08_28.txt,1331875,2012,8,28,892
1210294_2012_10_29.txt,1210294,2012,10,29,893
898174_2012_01_30.txt,898174,2012,1,30,894
1050441_2012_10_30.txt,1050441,2012,10,30,895
1094810_2012_01_30.txt,1094810,2012,1,30,896
1110803_2012_01_31.txt,1110803,2012,1,31,897
1163348_2012_07_31.txt,1163348,2012,7,31,898
1298978_2012_07_31.txt,1298978,2012,7,31,899
1356857_2012_08_31.txt,1356857,2012,8,31,900
1391137_2012_10_31.txt,1391137,2012,10,31,901
1415336_2012_07_31.txt,1415336,2012,7,31,902
1048286_2013_05_01.txt,1048286,2013,5,1,903
319156_2013_10_03.txt,319156,2013,10,3,904
1093082_2013_12_04.txt,1093082,2013,12,4,905
1022079_2013_06_06.txt,1022079,2013,6,6,906
1332551_2013_11_06.txt,1332551,2013,11,6,907
803649_2013_08_08.txt,803649,2013,8,8,908
832988_2013_07_11.txt,832988,2013,7,11,909
924515_2013_09_13.txt,924515,2013,9,13,910
1174746_2013_11_13.txt,1174746,2013,11,13,911
88790_2013_11_14.txt,88790,2013,11,14,912
1001316_2013_05_14.txt,1001316,2013,5,14,913
792985_2013_02_15.txt,792985,2013,2,15,914
1204560_2013_10_15.txt,1204560,2013,10,15,915
1501729_2013_11_15.txt,1501729,2013,11,15,916
757011_2013_10_16.txt,757011,2013,10,16,917
1357838_2013_07_16.txt,1357838,2013,7,16,918
1485964_2013_04_17.txt,1485964,2013,4,17,919
872835_2013_03_19.txt,872835,2013,3,19,920
1397807_2013_02_20.txt,1397807,2013,2,20,921
1040130_2013_07_26.txt,1040130,2013,7,26,922
1503828_2013_02_26.txt,1503828,2013,2,26,923
1071264_2013_06_27.txt,1071264,2013,6,27,924
1177394_2013_03_27.txt,1177394,2013,3,27,925
910679_2013_01_28.txt,910679,2013,1,28,926
12239_2013_10_29.txt,12239,2013,10,29,927
1005276_2013_01_29.txt,1005276,2013,1,29,928
1096376_2013_07_29.txt,1096376,2013,7,29,929
1548621_2013_07_29.txt,1548621,2013,7,29,930
1073475_2013_10_31.txt,1073475,2013,10,31,931
1404943_2014_12_02.txt,1404943,2014,12,2,932
1082198_2014_12_03.txt,1082198,2014,12,3,933
1208208_2014_09_03.txt,1208208,2014,9,3,934
1574540_2014_02_03.txt,1574540,2014,2,3,935
1412109_2014_02_04.txt,1412109,2014,2,4,936
88121_2014_08_05.txt,88121,2014,8,5,937
356171_2014_12_05.txt,356171,2014,12,5,938
1511737_2014_11_06.txt,1511737,2014,11,6,939
80424_2014_07_08.txt,80424,2014,7,8,940
1504239_2014_08_08.txt,1504239,2014,8,8,941
1530950_2014_03_10.txt,1530950,2014,3,10,942
1564822_2014_12_10.txt,1564822,2014,12,10,943
1568832_2014_03_10.txt,1568832,2014,3,10,944
846931_2014_07_11.txt,846931,2014,7,11,945
891417_2014_03_11.txt,891417,2014,3,11,946
806517_2014_02_12.txt,806517,2014,2,12,947
1078271_2014_08_14.txt,1078271,2014,8,14,948
1289496_2014_11_14.txt,1289496,2014,11,14,949
1128227_2014_04_15.txt,1128227,2014,4,15,950
1302084_2014_01_15.txt,1302084,2014,1,15,951
1310497_2014_09_15.txt,1310497,2014,9,15,952
1528356_2014_10_15.txt,1528356,2014,10,15,953
1549922_2014_03_17.txt,1549922,2014,3,17,954
1357204_2014_12_18.txt,1357204,2014,12,18,955
278165_2014_11_19.txt,278165,2014,11,19,956
1362718_2014_05_19.txt,1362718,2014,5,19,957
1437107_2014_11_19.txt,1437107,2014,11,19,958
1085254_2014_07_21.txt,1085254,2014,7,21,959
1383825_2014_05_21.txt,1383825,2014,5,21,960
732717_2014_10_22.txt,732717,2014,10,22,961
1276187_2014_10_22.txt,1276187,2014,10,22,962
1563699_2014_05_22.txt,1563699,2014,5,22,963
27904_2014_07_23.txt,27904,2014,7,23,964
1589526_2014_01_23.txt,1589526,2014,1,23,965
74303_2014_01_24.txt,74303,2014,1,24,966
743316_2014_07_24.txt,743316,2014,7,24,967
822416_2014_04_24.txt,822416,2014,4,24,968
1084031_2014_06_25.txt,1084031,2014,6,25,969
1084717_2014_06_25.txt,1084717,2014,6,25,970
77360_2014_07_31.txt,77360,2014,7,31,971
1301063_2015_07_02.txt,1301063,2015,7,2,972
1604028_2015_03_03.txt,1604028,2015,3,3,973
779152_2015_11_04.txt,779152,2015,11,4,974
878927_2015_02_05.txt,878927,2015,2,5,975
1511737_2015_02_05.txt,1511737,2015,2,5,976
1504619_2015_08_06.txt,1504619,2015,8,6,977
1495536_2015_07_08.txt,1495536,2015,7,8,978
1048911_2015_04_09.txt,1048911,2015,4,9,979
1508171_2015_04_09.txt,1508171,2015,4,9,980
1636050_2015_08_11.txt,1636050,2015,8,11,981
1173281_2015_11_12.txt,1173281,2015,11,12,982
75829_2015_05_13.txt,75829,2015,5,13,983
1278027_2015_07_13.txt,1278027,2015,7,13,984
1102112_2015_04_14.txt,1102112,2015,4,14,985
1309082_2015_05_15.txt,1309082,2015,5,15,986
1450390_2015_04_15.txt,1450390,2015,4,15,987
1305014_2015_11_18.txt,1305014,2015,11,18,988
7332_2015_04_23.txt,7332,2015,4,23,989
1451514_2015_03_23.txt,1451514,2015,3,23,990
29644_2015_02_24.txt,29644,2015,2,24,991
882154_2015_04_24.txt,882154,2015,4,24,992
1080319_2015_09_24.txt,1080319,2015,9,24,993
38984_2015_02_25.txt,38984,2015,2,25,994
809248_2015_02_26.txt,809248,2015,2,26,995
1338613_2015_01_26.txt,1338613,2015,1,26,996
854560_2015_01_29.txt,854560,2015,1,29,997
912242_2015_04_29.txt,912242,2015,4,29,998
29644_2015_06_30.txt,29644,2015,6,30,999
